# type	x	y	ani_set_id	tag	tag1	tag2	
# type: 0 = Mario , 1 = Brick, 2 = Goomba, 3 = Koopas, 4 = Block
# MARIO

#0	2500	300	1
0	80	384	1
# === CARD ===
57	2432	336	57
# === Brick === 
# ---- platform brick ----
1	0	416	0	1
1	16	416	0	1
1	32	416	0	1
1	48	416	0	1
1	64	416	0	1
1	80	416	0	1
1	96	416	0	1
1	112	416	0	1
1	128	416	0	1
1	144	416	0	1
1	160	416	0	1
1	176	416	0	1
1	192	416	0	1
1	208	416	0	1
1	224	416	0	1
1	240	416	0	1
1	256	416	0	1
1	272	416	0	1
1	288	416	0	1
1	304	416	0	1
1	320	416	0	1
1	336	416	0	1
1	352	416	0	1
1	368	416	0	1
1	384	416	0	1
1	400	416	0	1
1	416	416	0	1
1	432	416	0	1
1	448	416	0	1
1	464	416	0	1
1	480	416	0	1
1	496	416	0	1
1	512	416	0	1
1	528	416	0	1
1	544	416	0	1
1	560	416	0	1
1	576	416	0	1
1	592	416	0	1
1	608	416	0	1
1	624	416	0	1
1	640	416	0	1
1	656	416	0	1
1	672	416	0	1
1	688	416	0	1
1	704	416	0	1
1	720	416	0	1
1	736	416	0	1
1	752	416	0	1
1	768	416	0	1
1	784	416	0	1
1	800	416	0	1
1	816	416	0	1
1	832	416	0	1
1	848	416	0	1
1	864	416	0	1
1	880	416	0	1
1	896	416	0	1
1	912	416	0	1
1	928	416	0	1
1	944	416	0	1
1	960	416	0	1
1	976	416	0	1
1	992	416	0	1
1	1008	416	0	1
1	1024	416	0	1
1	1040	416	0	1
1	1056	416	0	1
1	1072	416	0	1
1	1088	416	0	1
1	1104	416	0	1
1	1120	416	0	1
1	1136	416	0	1
1	1152	416	0	1
1	1168	416	0	1
1	1184	416	0	1
1	1200	416	0	1
1	1216	416	0	1
1	1232	416	0	1
1	1248	416	0	1
1	1264	416	0	1
1	1296	416	0	1
1	1312	416	0	1
1	1328	416	0	1
1	1344	416	0	1
1	1360	416	0	1
1	1376	416	0	1
1	1392	416	0	1
1	1408	416	0	1
1	1424	416	0	1
1	1440	416	0	1
1	1456	416	0	1
1	1488	416	0	1
1	1504	416	0	1
1	1520	416	0	1
1	1536	416	0	1
1	1552	416	0	1
1	1568	416	0	1
1	1584	416	0	1
1	1600	416	0	1
1	1616	416	0	1
1	1632	416	0	1
1	1648	416	0	1
1	1664	416	0	1
1	1680	416	0	1
1	1696	416	0	1
1	1712	416	0	1
1	1728	416	0	1
1	1744	416	0	1
1	1760	416	0	1
1	1776	416	0	1
1	1792	416	0	1
1	1808	416	0	1
1	1824	416	0	1
1	1840	416	0	1
1	1856	416	0	1
1	1872	416	0	1
1	1888	416	0	1
1	1904	416	0	1
1	1920	416	0	1
1	1936	416	0	1
1	1952	416	0	1
1	1968	416	0	1
1	1984	416	0	1
1	2000	416	0	1
1	2016	416	0	1
1	2032	416	0	1
1	2048	416	0	1
1	2064	416	0	1
1	2080	416	0	1
1	2096	416	0	1
1	2112	416	0	1
1	2128	416	0	1
1	2144	416	0	1
1	2160	416	0	1
1	2176	416	0	1
1	2192	416	0	1
1	2208	416	0	1
1	2224	416	0	1
1	2240	416	0	1
1	2256	416	0	1
1	2272	416	0	1
1	2288	416	0	1
1	2304	416	0	1
1	2320	416	0	1
1	2336	416	0	1
1	2352	416	0	1
1	2368	416	0	1
1	2384	416	0	1
1	2400	416	0	1
1	2416	416	0	1
1	2432	416	0	1
1	2448	416	0	1
1	2464	416	0	1
1	2480	416	0	1
1	2496	416	0	1
1	2512	416	0	1
1	2528	416	0	1
1	2544	416	0	1
# --- question brick ---
142	528	384	42	42	0	0	0
142	640	368	42	42	0	0	0
# --- brick with flash animation ---
112	512	400	12	12
112	512	384	12	12
112	512	368	12	12
112	512	352	12	12
112	528	400	12	12
112	528	368	12	12
112	528	352	12	12
112	544	400	12	12
112	544	352	12	12
112	560	368	12	12
112	576	368	12	12
112	576	384	12	12
112	592	384	12	12
112	592	352	12	12
112	592	336	12	12
112	608	400	12	12
112	608	384	12	12
112	608	352	12	12
112	608	336	12	12
112	624	400	12	12
112	624	384	12	12
112	624	336	12	12
112	640	400	12	12
112	640	384	12	12
112	640	352	12	12
112	640	336	12	12
# --- woody brick ----
1	720	352	46	46
1	736	352	46	46
1	752	352	46	46
1	768	352	46	46
1	832	352	46	46
1	832	368	46	46
1	832	384	46	46
1	832	400	46	46
1	960	368	46	46
1	960	384	46	46
1	960	400	46	46
1	1088	352	46	46
1	1088	368	46	46
1	1088	384	46	46
1	1088	400	46	46
1	1216	352	46	46
1	1216	368	46	46
1	1216	384	46	46
1	1216	400	46	46
# ---- cloudy brick ----
4	2064	0	26
4	2080	0	26
4	2096	0	26
4	2112	0	26
4	2128	0	26
4	2144	0	26
# --- Pipe --- 
1	2096	16	13	10
1	2112	16	14	10
1	2096	32	13	10
1	2112	32	14	10
1	2096	48	13	10
1	2112	48	14	10
1	2096	64	13	10
1	2112	64	14	10
1	2096	80	10	10
1	2112	80	11	10
# === Block Line === 
4	176	400	19
4	176	384	15
4	192	400	20
4	192	384	16
4	208	400	20
4	208	384	16
4	224	400	21
4	224	384	17
4	224	336	52
4	224	352	102
4	240	336	53
4	240	352	103
4	256	336	53
4	256	352	103
4	272	336	54
4	272	352	91
4	1552	368	15
4	1552	384	19
4	1568	368	16
4	1568	384	20
4	1584	368	16
4	1584	384	20
4	1600	368	16
4	1600	384	20
4	1616	368	17
4	1616	384	21
4	1568	272	33
4	1568	288	91
4	1584	272	34
4	1584	288	92
4	1600	272	34
4	1600	288	92
4	1616	272	35
4	1616	288	93
4	1648	336	43
4	1648	352	106
4	1664	336	44
4	1664	352	104
4	1680	336	44
4	1680	352	104
4	1696	336	45
4	1696	352	105
4	1728	304	52
4	1728	320	102
4	1744	304	53
4	1744	320	103
4	1760	304	53
4	1760	320	103
4	1776	304	54
4	1776	320	90
4	1760	352	33
4	1760	368	91
4	1776	352	34
4	1776	368	92
4	1792	352	34
4	1792	368	92
4	1808	352	34
4	1808	368	92
4	1824	352	35
4	1824	368	93
4	1856	320	15
4	1856	336	19
4	1872	320	16
4	1872	336	20
4	1888	320	16
4	1888	336	20
4	1904	320	17
4	1904	336	21
4	1936	288	52
4	1936	304	63
4	1936	320	63
4	1936	336	63
4	1936	352	63
4	1936	368	63
4	1936	384	63
4	1936	400	102
4	1952	288	53
4	1952	304	64
4	1952	320	64
4	1952	336	64
4	1952	352	64
4	1952	368	64
4	1952	384	64
4	1952	400	103
4	1968	288	54
4	1968	304	65
4	1968	320	65
4	1968	336	65
4	1968	352	65
4	1968	368	65
4	1968	384	65
4	1968	400	90
# === Coin ===
6	1008	320	6	6
6	1024	320	6	6
6	1040	320	6	6
6	1136	320	6	6
6	1152	320	6	6
6	1168	320	6	6
6	1584	336	6	6
6	1664	304	6	6
6	1728	272	6	6
6	1744	272	6	6
6	1760	272	6	6
# === Koopas === 
# --- Red ---
3	624	304	3	1
3	1664	304	3	1
# --- Green ---
3	208	389	30	0
3	800	389	30	0
3	1920	389	30	0